???.### 1,1,3											1
???.###????.### 1,1,3,1,1,3								1
														1 * (1/1) ^ 4 = 1
														
.??..??...?##. 1,1,3									4
.??..??...?##.?.??..??...?##. 1,1,3,1,1,3				32
														4 * (32/4) ^ 4 = 16384
														
?#?#?#?#?#?#?#? 1,3,1,6									1
?#?#?#?#?#?#?#???#?#?#?#?#?#?#? 1,3,1,6,1,3,1,6			1
														1 * (1/1) ^ 4 = 1
														
????.#...#... 4,1,1										1
????.#...#...?????.#...#... 4,1,1,4,1,1					2
														1 * (2/1) ^ 4 = 16
														
????.######..#####. 1,6,5								4
????.######..#####.?????.######..#####. 1,6,5,1,6,5		20
														4 * (20/4) ^ 4 = 2500
														
?###???????? 3,2,1										10
?###??????????###???????? 3,2,1,3,2,1					150
														10 * (150/10) ^ 4 = 506250




???.### 1,1,3
???.###????.### 1,1,3,1,1,3

.??..??...?##. 1,1,3
.??..??...?##.?.??..??...?##. 1,1,3,1,1,3

?#?#?#?#?#?#?#? 1,3,1,6
?#?#?#?#?#?#?#???#?#?#?#?#?#?#? 1,3,1,6,1,3,1,6

????.#...#... 4,1,1
????.#...#...?????.#...#... 4,1,1,4,1,1

????.######..#####. 1,6,5
????.######..#####.?????.######..#####. 1,6,5,1,6,5

?###???????? 3,2,1
?###??????????###???????? 3,2,1,3,2,1